MOUNT
WRITE 0 256 0
WRITE 256 256 1
WRITE 512 256 2
WRITE 768 256 3
READ 99584 256 0
WRITE 99584 256 133
READ 365056 256 0
WRITE 365056 256 146
READ 119296 256 0
WRITE 119296 256 210
WRITE 119552 256 211
WRITE 119808 256 212
WRITE 120064 256 213
READ 225792 256 0
WRITE 225792 256 114
READ 541696 256 0
WRITE 541696 256 68
READ 864256 256 0
WRITE 864256 256 48
READ 247808 256 0
WRITE 247808 256 200
READ 1033472 256 0
WRITE 1033472 256 197
WRITE 1033728 256 198
WRITE 1033984 256 199
READ 700928 256 0
WRITE 700928 256 178
READ 913920 256 0
WRITE 913920 256 242
READ 510464 256 0
WRITE 510464 256 202
WRITE 510720 256 203
READ 393216 256 0
WRITE 393216 256 0
WRITE 393472 256 1
WRITE 393728 256 2
READ 733440 256 0
WRITE 733440 256 49
READ 484864 256 0
WRITE 484864 256 102
WRITE 485120 256 103
READ 939008 256 0
WRITE 939008 256 84
READ 920576 256 0
WRITE 920576 256 12
WRITE 920832 256 13
WRITE 921088 256 14
WRITE 921344 256 15
READ 254464 256 0
WRITE 254464 256 226
READ 860416 256 0
WRITE 860416 256 33
WRITE 860672 256 34
WRITE 860928 256 35
READ 139264 256 0
WRITE 139264 256 32
READ 237312 256 0
WRITE 237312 256 159
READ 762368 256 0
WRITE 762368 256 162
WRITE 762624 256 163
WRITE 762880 256 164
WRITE 763136 256 165
READ 53760 256 0
WRITE 53760 256 210
WRITE 54016 256 211
READ 310784 256 0
WRITE 310784 256 190
READ 84736 256 0
WRITE 84736 256 75
WRITE 84992 256 76
READ 324864 256 0
WRITE 324864 256 245
READ 990976 256 0
WRITE 990976 256 31
READ 802816 256 0
WRITE 802816 256 64
READ 790016 256 0
WRITE 790016 256 14
READ 868096 256 0
WRITE 868096 256 63
WRITE 868352 256 64
READ 766976 256 0
WRITE 766976 256 180
READ 771840 256 0
WRITE 771840 256 199
READ 226560 256 0
WRITE 226560 256 117
READ 786432 256 0
WRITE 786432 256 0
WRITE 786688 256 1
WRITE 786944 256 2
WRITE 787200 256 3
WRITE 787456 256 4
WRITE 787712 256 5
WRITE 787968 256 6
READ 988928 256 0
WRITE 988928 256 23
WRITE 989184 256 24
WRITE 989440 256 25
WRITE 989696 256 26
WRITE 989952 256 27
READ 15360 256 0
WRITE 15360 256 60
READ 331264 256 0
WRITE 331264 256 14
WRITE 331520 256 15
READ 700416 256 0
WRITE 700416 256 176
WRITE 700672 256 177
READ 849152 256 0
WRITE 849152 256 245
READ 244224 256 0
WRITE 244224 256 186
READ 139008 256 0
WRITE 139008 256 31
WRITE 139264 256 32
READ 709888 256 0
WRITE 709888 256 213
READ 508928 256 0
WRITE 508928 256 196
READ 28672 256 0
WRITE 28672 256 112
READ 669696 256 0
WRITE 669696 256 56
READ 785664 256 0
WRITE 785664 256 253
WRITE 785920 256 254
READ 851456 256 0
WRITE 851456 256 254
READ 765184 256 0
WRITE 765184 256 173
READ 602368 256 0
WRITE 602368 256 49
WRITE 602624 256 50
WRITE 602880 256 51
READ 410368 256 0
WRITE 410368 256 67
WRITE 410624 256 68
READ 1028864 256 0
WRITE 1028864 256 179
READ 812800 256 0
WRITE 812800 256 103
WRITE 813056 256 104
WRITE 813312 256 105
READ 1042944 256 0
WRITE 1042944 256 234
READ 686336 256 0
WRITE 686336 256 121
WRITE 686592 256 122
READ 899072 256 0
WRITE 899072 256 184
READ 926720 256 0
WRITE 926720 256 36
WRITE 926976 256 37
WRITE 927232 256 38
READ 472064 256 0
WRITE 472064 256 52
READ 89088 256 0
WRITE 89088 256 92
READ 36608 256 0
WRITE 36608 256 143
READ 562432 256 0
WRITE 562432 256 149
WRITE 562688 256 150
READ 431872 256 0
WRITE 431872 256 151
WRITE 432128 256 152
READ 315648 256 0
WRITE 315648 256 209
READ 961024 256 0
WRITE 961024 256 170
READ 560640 256 0
WRITE 560640 256 142
READ 927232 256 0
WRITE 927232 256 38
READ 399616 256 0
WRITE 399616 256 25
READ 716544 256 0
WRITE 716544 256 239
WRITE 716800 256 240
WRITE 717056 256 241
READ 829696 256 0
WRITE 829696 256 169
WRITE 829952 256 170
READ 824576 256 0
WRITE 824576 256 149
READ 238592 256 0
WRITE 238592 256 164
WRITE 238848 256 165
READ 987648 256 0
WRITE 987648 256 18
WRITE 987904 256 19
WRITE 988160 256 20
WRITE 988416 256 21
WRITE 988672 256 22
READ 451072 256 0
WRITE 451072 256 226
WRITE 451328 256 227
WRITE 451584 256 228
WRITE 451840 256 229
READ 710144 256 0
WRITE 710144 256 214
READ 419328 256 0
WRITE 419328 256 102
READ 422400 256 0
WRITE 422400 256 114
WRITE 422656 256 115
READ 484096 256 0
WRITE 484096 256 99
READ 384768 256 0
WRITE 384768 256 223
READ 198400 256 0
WRITE 198400 256 7
WRITE 198656 256 8
READ 408832 256 0
WRITE 408832 256 61
READ 306176 256 0
WRITE 306176 256 172
READ 149248 256 0
WRITE 149248 256 71
WRITE 149504 256 72
WRITE 149760 256 73
READ 68352 256 0
WRITE 68352 256 11
WRITE 68608 256 12
READ 397056 256 0
WRITE 397056 256 15
WRITE 397312 256 16
READ 357376 256 0
WRITE 357376 256 116
READ 64768 256 0
WRITE 64768 256 253
READ 432896 256 0
WRITE 432896 256 155
WRITE 433152 256 156
READ 280576 256 0
WRITE 280576 256 72
WRITE 280832 256 73
WRITE 281088 256 74
READ 253184 256 0
WRITE 253184 256 221
READ 143104 256 0
WRITE 143104 256 47
WRITE 143360 256 48
WRITE 143616 256 49
WRITE 143872 256 50
WRITE 144128 256 51
WRITE 144384 256 52
READ 448000 256 0
WRITE 448000 256 214
READ 310016 256 0
WRITE 310016 256 187
WRITE 310272 256 188
WRITE 310528 256 189
WRITE 310784 256 190
WRITE 311040 256 191
READ 114688 256 0
WRITE 114688 256 192
WRITE 114944 256 193
WRITE 115200 256 194
WRITE 115456 256 195
READ 415744 256 0
WRITE 415744 256 88
READ 386560 256 0
WRITE 386560 256 230
WRITE 386816 256 231
WRITE 387072 256 232
READ 270336 256 0
WRITE 270336 256 32
WRITE 270592 256 33
WRITE 270848 256 34
READ 581632 256 0
WRITE 581632 256 224
WRITE 581888 256 225
WRITE 582144 256 226
WRITE 582400 256 227
READ 462080 256 0
WRITE 462080 256 13
READ 586240 256 0
WRITE 586240 256 242
READ 930304 256 0
WRITE 930304 256 50
WRITE 930560 256 51
READ 864000 256 0
WRITE 864000 256 47
READ 415232 256 0
WRITE 415232 256 86
READ 627712 256 0
WRITE 627712 256 148
WRITE 627968 256 149
WRITE 628224 256 150
READ 619520 256 0
WRITE 619520 256 116
WRITE 619776 256 117
WRITE 620032 256 118
WRITE 620288 256 119
READ 688128 256 0
WRITE 688128 256 128
READ 746496 256 0
WRITE 746496 256 100
WRITE 746752 256 101
WRITE 747008 256 102
WRITE 747264 256 103
WRITE 747520 256 104
READ 401664 256 0
WRITE 401664 256 33
WRITE 401920 256 34
WRITE 402176 256 35
READ 122368 256 0
WRITE 122368 256 222
READ 246528 256 0
WRITE 246528 256 195
WRITE 246784 256 196
WRITE 247040 256 197
READ 471040 256 0
WRITE 471040 256 48
WRITE 471296 256 49
READ 504832 256 0
WRITE 504832 256 180
READ 350464 256 0
WRITE 350464 256 89
READ 728320 256 0
WRITE 728320 256 29
WRITE 728576 256 30
WRITE 728832 256 31
WRITE 729088 256 32
READ 708096 256 0
WRITE 708096 256 206
WRITE 708352 256 207
WRITE 708608 256 208
READ 288000 256 0
WRITE 288000 256 101
WRITE 288256 256 102
READ 272384 256 0
WRITE 272384 256 40
WRITE 272640 256 41
WRITE 272896 256 42
READ 473088 256 0
WRITE 473088 256 56
READ 976640 256 0
WRITE 976640 256 231
WRITE 976896 256 232
READ 38912 256 0
WRITE 38912 256 152
READ 694528 256 0
WRITE 694528 256 153
WRITE 694784 256 154
READ 815616 256 0
WRITE 815616 256 114
WRITE 815872 256 115
WRITE 816128 256 116
WRITE 816384 256 117
READ 122368 256 0
WRITE 122368 256 222
WRITE 122624 256 223
READ 445184 256 0
WRITE 445184 256 203
WRITE 445440 256 204
WRITE 445696 256 205
WRITE 445952 256 206
READ 976384 256 0
WRITE 976384 256 230
READ 405248 256 0
WRITE 405248 256 47
WRITE 405504 256 48
READ 985088 256 0
WRITE 985088 256 8
READ 199680 256 0
WRITE 199680 256 12
WRITE 199936 256 13
READ 802304 256 0
WRITE 802304 256 62
READ 777216 256 0
WRITE 777216 256 220
WRITE 777472 256 221
WRITE 777728 256 222
READ 967168 256 0
WRITE 967168 256 194
READ 919296 256 0
WRITE 919296 256 7
WRITE 919552 256 8
WRITE 919808 256 9
WRITE 920064 256 10
READ 991488 256 0
WRITE 991488 256 33
WRITE 991744 256 34
WRITE 992000 256 35
WRITE 992256 256 36
WRITE 992512 256 37
WRITE 992768 256 38
READ 948480 256 0
WRITE 948480 256 121
WRITE 948736 256 122
READ 944896 256 0
WRITE 944896 256 107
WRITE 945152 256 108
READ 523264 256 0
WRITE 523264 256 252
WRITE 523520 256 253
WRITE 523776 256 254
WRITE 524032 256 255
WRITE 524288 256 0
WRITE 524544 256 1
WRITE 524800 256 2
WRITE 525056 256 3
WRITE 525312 256 4
WRITE 525568 256 5
READ 931072 256 0
WRITE 931072 256 53
WRITE 931328 256 54
READ 604672 256 0
WRITE 604672 256 58
WRITE 604928 256 59
WRITE 605184 256 60
READ 620288 256 0
WRITE 620288 256 119
READ 190464 256 0
WRITE 190464 256 232
WRITE 190720 256 233
WRITE 190976 256 234
READ 142336 256 0
WRITE 142336 256 44
READ 17408 256 0
WRITE 17408 256 68
READ 1011968 256 0
WRITE 1011968 256 113
READ 305152 256 0
WRITE 305152 256 168
WRITE 305408 256 169
WRITE 305664 256 170
READ 732672 256 0
WRITE 732672 256 46
WRITE 732928 256 47
READ 442880 256 0
WRITE 442880 256 194
READ 369152 256 0
WRITE 369152 256 162
WRITE 369408 256 163
READ 130560 256 0
WRITE 130560 256 254
WRITE 130816 256 255
WRITE 131072 256 0
READ 934912 256 0
WRITE 934912 256 68
WRITE 935168 256 69
WRITE 935424 256 70
WRITE 935680 256 71
WRITE 935936 256 72
READ 388096 256 0
WRITE 388096 256 236
WRITE 388352 256 237
WRITE 388608 256 238
WRITE 388864 256 239
READ 374528 256 0
WRITE 374528 256 183
READ 779520 256 0
WRITE 779520 256 229
WRITE 779776 256 230
WRITE 780032 256 231
WRITE 780288 256 232
WRITE 780544 256 233
READ 830720 256 0
WRITE 830720 256 173
WRITE 830976 256 174
READ 678144 256 0
WRITE 678144 256 89
WRITE 678400 256 90
READ 220416 256 0
WRITE 220416 256 93
WRITE 220672 256 94
READ 335872 256 0
WRITE 335872 256 32
WRITE 336128 256 33
WRITE 336384 256 34
WRITE 336640 256 35
READ 107520 256 0
WRITE 107520 256 164
WRITE 107776 256 165
READ 760576 256 0
WRITE 760576 256 155
READ 433408 256 0
WRITE 433408 256 157
READ 425216 256 0
WRITE 425216 256 125
READ 845824 256 0
WRITE 845824 256 232
READ 292096 256 0
WRITE 292096 256 117
READ 654592 256 0
WRITE 654592 256 253
READ 1045760 256 0
WRITE 1045760 256 245
WRITE 1046016 256 246
WRITE 1046272 256 247
WRITE 1046528 256 248
READ 207104 256 0
WRITE 207104 256 41
WRITE 207360 256 42
READ 651776 256 0
WRITE 651776 256 242
READ 841472 256 0
WRITE 841472 256 215
READ 391424 256 0
WRITE 391424 256 249
READ 647680 256 0
WRITE 647680 256 226
WRITE 647936 256 227
WRITE 648192 256 228
WRITE 648448 256 229
WRITE 648704 256 230
WRITE 648960 256 231
WRITE 649216 256 232
WRITE 649472 256 233
READ 883712 256 0
WRITE 883712 256 124
WRITE 883968 256 125
READ 827648 256 0
WRITE 827648 256 161
READ 815872 256 0
WRITE 815872 256 115
READ 525568 256 0
WRITE 525568 256 5
WRITE 525824 256 6
WRITE 526080 256 7
WRITE 526336 256 8
READ 260864 256 0
WRITE 260864 256 251
WRITE 261120 256 252
WRITE 261376 256 253
WRITE 261632 256 254
WRITE 261888 256 255
READ 599296 256 0
WRITE 599296 256 37
READ 154624 256 0
WRITE 154624 256 92
WRITE 154880 256 93
READ 603392 256 0
WRITE 603392 256 53
WRITE 603648 256 54
WRITE 603904 256 55
READ 760064 256 0
WRITE 760064 256 153
WRITE 760320 256 154
READ 424192 256 0
WRITE 424192 256 121
READ 1019392 256 0
WRITE 1019392 256 142
WRITE 1019648 256 143
WRITE 1019904 256 144
WRITE 1020160 256 145
WRITE 1020416 256 146
WRITE 1020672 256 147
READ 716544 256 0
WRITE 716544 256 239
WRITE 716800 256 240
WRITE 717056 256 241
READ 979200 256 0
WRITE 979200 256 241
READ 703744 256 0
WRITE 703744 256 189
WRITE 704000 256 190
READ 742144 256 0
WRITE 742144 256 83
READ 951296 256 0
WRITE 951296 256 132
READ 763392 256 0
WRITE 763392 256 166
WRITE 763648 256 167
READ 883712 256 0
WRITE 883712 256 124
WRITE 883968 256 125
READ 851456 256 0
WRITE 851456 256 254
READ 701440 256 0
WRITE 701440 256 180
WRITE 701696 256 181
READ 276224 256 0
WRITE 276224 256 55
READ 283136 256 0
WRITE 283136 256 82
WRITE 283392 256 83
READ 818688 256 0
WRITE 818688 256 126
READ 85760 256 0
WRITE 85760 256 79
WRITE 86016 256 80
WRITE 86272 256 81
WRITE 86528 256 82
READ 919040 256 0
WRITE 919040 256 6
WRITE 919296 256 7
WRITE 919552 256 8
READ 923136 256 0
WRITE 923136 256 22
WRITE 923392 256 23
WRITE 923648 256 24
WRITE 923904 256 25
WRITE 924160 256 26
WRITE 924416 256 27
READ 740864 256 0
WRITE 740864 256 78
WRITE 741120 256 79
READ 355328 256 0
WRITE 355328 256 108
READ 104704 256 0
WRITE 104704 256 153
READ 491776 256 0
WRITE 491776 256 129
WRITE 492032 256 130
WRITE 492288 256 131
READ 569600 256 0
WRITE 569600 256 177
READ 1022720 256 0
WRITE 1022720 256 155
READ 834816 256 0
WRITE 834816 256 189
WRITE 835072 256 190
WRITE 835328 256 191
READ 210944 256 0
WRITE 210944 256 56
WRITE 211200 256 57
WRITE 211456 256 58
WRITE 211712 256 59
WRITE 211968 256 60
READ 472320 256 0
WRITE 472320 256 53
WRITE 472576 256 54
READ 152576 256 0
WRITE 152576 256 84
READ 662784 256 0
WRITE 662784 256 29
READ 48896 256 0
WRITE 48896 256 191
READ 312576 256 0
WRITE 312576 256 197
READ 584704 256 0
WRITE 584704 256 236
READ 17152 256 0
WRITE 17152 256 67
WRITE 17408 256 68
READ 838144 256 0
WRITE 838144 256 202
WRITE 838400 256 203
READ 829696 256 0
WRITE 829696 256 169
READ 49408 256 0
WRITE 49408 256 193
WRITE 49664 256 194
READ 174080 256 0
WRITE 174080 256 168
WRITE 174336 256 169
READ 491520 256 0
WRITE 491520 256 128
READ 915712 256 0
WRITE 915712 256 249
READ 731904 256 0
WRITE 731904 256 43
WRITE 732160 256 44
READ 496384 256 0
WRITE 496384 256 147
READ 923392 256 0
WRITE 923392 256 23
READ 117760 256 0
WRITE 117760 256 204
WRITE 118016 256 205
READ 848640 256 0
WRITE 848640 256 243
READ 918272 256 0
WRITE 918272 256 3
READ 283648 256 0
WRITE 283648 256 84
WRITE 283904 256 85
READ 962304 256 0
WRITE 962304 256 175
READ 843520 256 0
WRITE 843520 256 223
READ 159232 256 0
WRITE 159232 256 110
READ 16640 256 0
WRITE 16640 256 65
WRITE 16896 256 66
WRITE 17152 256 67
READ 637184 256 0
WRITE 637184 256 185
WRITE 637440 256 186
READ 875776 256 0
WRITE 875776 256 93
WRITE 876032 256 94
WRITE 876288 256 95
READ 359936 256 0
WRITE 359936 256 126
READ 144128 256 0
WRITE 144128 256 51
WRITE 144384 256 52
READ 520448 256 0
WRITE 520448 256 241
WRITE 520704 256 242
READ 609024 256 0
WRITE 609024 256 75
WRITE 609280 256 76
WRITE 609536 256 77
READ 975104 256 0
WRITE 975104 256 225
READ 932608 256 0
WRITE 932608 256 59
WRITE 932864 256 60
WRITE 933120 256 61
READ 910080 256 0
WRITE 910080 256 227
WRITE 910336 256 228
WRITE 910592 256 229
WRITE 910848 256 230
READ 822272 256 0
WRITE 822272 256 140
READ 119040 256 0
WRITE 119040 256 209
WRITE 119296 256 210
WRITE 119552 256 211
WRITE 119808 256 212
WRITE 120064 256 213
READ 409856 256 0
WRITE 409856 256 65
READ 385280 256 0
WRITE 385280 256 225
READ 389120 256 0
WRITE 389120 256 240
READ 410368 256 0
WRITE 410368 256 67
WRITE 410624 256 68
READ 82944 256 0
WRITE 82944 256 68
WRITE 83200 256 69
READ 279296 256 0
WRITE 279296 256 67
READ 853760 256 0
WRITE 853760 256 7
READ 287744 256 0
WRITE 287744 256 100
WRITE 288000 256 101
READ 399872 256 0
WRITE 399872 256 26
READ 622592 256 0
WRITE 622592 256 128
READ 1037568 256 0
WRITE 1037568 256 213
READ 567808 256 0
WRITE 567808 256 170
READ 22784 256 0
WRITE 22784 256 89
WRITE 23040 256 90
WRITE 23296 256 91
WRITE 23552 256 92
WRITE 23808 256 93
WRITE 24064 256 94
READ 803072 256 0
WRITE 803072 256 65
WRITE 803328 256 66
WRITE 803584 256 67
WRITE 803840 256 68
WRITE 804096 256 69
READ 612096 256 0
WRITE 612096 256 87
READ 1017088 256 0
WRITE 1017088 256 133
READ 253952 256 0
WRITE 253952 256 224
WRITE 254208 256 225
READ 1026816 256 0
WRITE 1026816 256 171
READ 884480 256 0
WRITE 884480 256 127
READ 982784 256 0
WRITE 982784 256 255
READ 1025792 256 0
WRITE 1025792 256 167
WRITE 1026048 256 168
WRITE 1026304 256 169
READ 769280 256 0
WRITE 769280 256 189
READ 820992 256 0
WRITE 820992 256 135
WRITE 821248 256 136
READ 81664 256 0
WRITE 81664 256 63
WRITE 81920 256 64
WRITE 82176 256 65
WRITE 82432 256 66
READ 858368 256 0
WRITE 858368 256 25
READ 136192 256 0
WRITE 136192 256 20
WRITE 136448 256 21
WRITE 136704 256 22
READ 701952 256 0
WRITE 701952 256 182
READ 399104 256 0
WRITE 399104 256 23
READ 245248 256 0
WRITE 245248 256 190
READ 452608 256 0
WRITE 452608 256 232
WRITE 452864 256 233
READ 988672 256 0
WRITE 988672 256 22
WRITE 988928 256 23
READ 928000 256 0
WRITE 928000 256 41
WRITE 928256 256 42
WRITE 928512 256 43
READ 429312 256 0
WRITE 429312 256 141
WRITE 429568 256 142
READ 189440 256 0
WRITE 189440 256 228
WRITE 189696 256 229
READ 121344 256 0
WRITE 121344 256 218
READ 342528 256 0
WRITE 342528 256 58
WRITE 342784 256 59
READ 584192 256 0
WRITE 584192 256 234
READ 843520 256 0
WRITE 843520 256 223
READ 869120 256 0
WRITE 869120 256 67
WRITE 869376 256 68
WRITE 869632 256 69
WRITE 869888 256 70
READ 856320 256 0
WRITE 856320 256 17
WRITE 856576 256 18
READ 152064 256 0
WRITE 152064 256 82
READ 936448 256 0
WRITE 936448 256 74
READ 330240 256 0
WRITE 330240 256 10
WRITE 330496 256 11
WRITE 330752 256 12
WRITE 331008 256 13
READ 768512 256 0
WRITE 768512 256 186
READ 788992 256 0
WRITE 788992 256 10
WRITE 789248 256 11
WRITE 789504 256 12
READ 347136 256 0
WRITE 347136 256 76
READ 613632 256 0
WRITE 613632 256 93
WRITE 613888 256 94
READ 881664 256 0
WRITE 881664 256 116
WRITE 881920 256 117
READ 786176 256 0
WRITE 786176 256 255
WRITE 786432 256 0
READ 974848 256 0
WRITE 974848 256 224
WRITE 975104 256 225
READ 887808 256 0
WRITE 887808 256 140
READ 323840 256 0
WRITE 323840 256 241
WRITE 324096 256 242
WRITE 324352 256 243
READ 904192 256 0
WRITE 904192 256 204
READ 719104 256 0
WRITE 719104 256 249
READ 305408 256 0
WRITE 305408 256 169
READ 809472 256 0
WRITE 809472 256 90
WRITE 809728 256 91
WRITE 809984 256 92
WRITE 810240 256 93
WRITE 810496 256 94
READ 1001728 256 0
WRITE 1001728 256 73
WRITE 1001984 256 74
WRITE 1002240 256 75
READ 898816 256 0
WRITE 898816 256 183
READ 1009408 256 0
WRITE 1009408 256 103
WRITE 1009664 256 104
WRITE 1009920 256 105
WRITE 1010176 256 106
READ 242176 256 0
WRITE 242176 256 178
READ 200704 256 0
WRITE 200704 256 16
READ 438784 256 0
WRITE 438784 256 178
WRITE 439040 256 179
READ 603136 256 0
WRITE 603136 256 52
READ 206336 256 0
WRITE 206336 256 38
READ 100096 256 0
WRITE 100096 256 135
WRITE 100352 256 136
READ 807168 256 0
WRITE 807168 256 81
READ 904192 256 0
WRITE 904192 256 204
WRITE 904448 256 205
WRITE 904704 256 206
WRITE 904960 256 207
READ 834816 256 0
WRITE 834816 256 189
WRITE 835072 256 190
READ 945408 256 0
WRITE 945408 256 109
WRITE 945664 256 110
WRITE 945920 256 111
WRITE 946176 256 112
WRITE 946432 256 113
WRITE 946688 256 114
READ 328704 256 0
WRITE 328704 256 4
WRITE 328960 256 5
READ 768 256 0
WRITE 768 256 3
READ 921088 256 0
WRITE 921088 256 14
WRITE 921344 256 15
WRITE 921600 256 16
READ 766976 256 0
WRITE 766976 256 180
READ 1045760 256 0
WRITE 1045760 256 245
WRITE 1046016 256 246
READ 731904 256 0
WRITE 731904 256 43
WRITE 732160 256 44
WRITE 732416 256 45
WRITE 732672 256 46
WRITE 732928 256 47
WRITE 733184 256 48
WRITE 733440 256 49
WRITE 733696 256 50
WRITE 733952 256 51
READ 776192 256 0
WRITE 776192 256 216
WRITE 776448 256 217
WRITE 776704 256 218
READ 56832 256 0
WRITE 56832 256 222
WRITE 57088 256 223
WRITE 57344 256 224
READ 750080 256 0
WRITE 750080 256 114
READ 763904 256 0
WRITE 763904 256 168
READ 984576 256 0
WRITE 984576 256 6
READ 8192 256 0
WRITE 8192 256 32
READ 223232 256 0
WRITE 223232 256 104
WRITE 223488 256 105
READ 621824 256 0
WRITE 621824 256 125
WRITE 622080 256 126
READ 78336 256 0
WRITE 78336 256 50
READ 130304 256 0
WRITE 130304 256 253
READ 1039872 256 0
WRITE 1039872 256 222
WRITE 1040128 256 223
READ 738560 256 0
WRITE 738560 256 69
READ 666880 256 0
WRITE 666880 256 45
WRITE 667136 256 46
WRITE 667392 256 47
WRITE 667648 256 48
WRITE 667904 256 49
WRITE 668160 256 50
WRITE 668416 256 51
READ 834304 256 0
WRITE 834304 256 187
WRITE 834560 256 188
READ 411904 256 0
WRITE 411904 256 73
READ 1026560 256 0
WRITE 1026560 256 170
READ 624640 256 0
WRITE 624640 256 136
WRITE 624896 256 137
READ 96768 256 0
WRITE 96768 256 122
READ 336896 256 0
WRITE 336896 256 36
READ 366336 256 0
WRITE 366336 256 151
READ 279296 256 0
WRITE 279296 256 67
WRITE 279552 256 68
READ 145920 256 0
WRITE 145920 256 58
WRITE 146176 256 59
READ 250112 256 0
WRITE 250112 256 209
WRITE 250368 256 210
READ 926720 256 0
WRITE 926720 256 36
WRITE 926976 256 37
WRITE 927232 256 38
READ 856064 256 0
WRITE 856064 256 16
WRITE 856320 256 17
READ 251648 256 0
WRITE 251648 256 215
READ 612096 256 0
WRITE 612096 256 87
READ 143104 256 0
WRITE 143104 256 47
READ 365568 256 0
WRITE 365568 256 148
WRITE 365824 256 149
READ 717824 256 0
WRITE 717824 256 244
READ 714752 256 0
WRITE 714752 256 232
WRITE 715008 256 233
READ 663552 256 0
WRITE 663552 256 32
WRITE 663808 256 33
READ 15104 256 0
WRITE 15104 256 59
READ 443136 256 0
WRITE 443136 256 195
WRITE 443392 256 196
READ 86528 256 0
WRITE 86528 256 82
WRITE 86784 256 83
WRITE 87040 256 84
WRITE 87296 256 85
WRITE 87552 256 86
WRITE 87808 256 87
READ 234240 256 0
WRITE 234240 256 147
READ 845824 256 0
WRITE 845824 256 232
WRITE 846080 256 233
WRITE 846336 256 234
READ 264704 256 0
WRITE 264704 256 10
WRITE 264960 256 11
WRITE 265216 256 12
READ 742912 256 0
WRITE 742912 256 86
READ 6656 256 0
WRITE 6656 256 26
WRITE 6912 256 27
WRITE 7168 256 28
READ 674304 256 0
WRITE 674304 256 74
WRITE 674560 256 75
READ 643584 256 0
WRITE 643584 256 210
WRITE 643840 256 211
READ 279808 256 0
WRITE 279808 256 69
READ 540416 256 0
WRITE 540416 256 63
WRITE 540672 256 64
WRITE 540928 256 65
READ 45824 256 0
WRITE 45824 256 179
READ 83456 256 0
WRITE 83456 256 70
READ 955648 256 0
WRITE 955648 256 149
READ 579072 256 0
WRITE 579072 256 214
READ 876288 256 0
WRITE 876288 256 95
READ 659200 256 0
WRITE 659200 256 15
READ 658688 256 0
WRITE 658688 256 13
WRITE 658944 256 14
WRITE 659200 256 15
WRITE 659456 256 16
READ 412416 256 0
WRITE 412416 256 75
READ 673536 256 0
WRITE 673536 256 71
READ 1046272 256 0
WRITE 1046272 256 247
READ 868864 256 0
WRITE 868864 256 66
READ 991744 256 0
WRITE 991744 256 34
READ 850176 256 0
WRITE 850176 256 249
WRITE 850432 256 250
READ 340480 256 0
WRITE 340480 256 50
WRITE 340736 256 51
WRITE 340992 256 52
WRITE 341248 256 53
READ 64512 256 0
WRITE 64512 256 252
READ 535552 256 0
WRITE 535552 256 44
READ 754432 256 0
WRITE 754432 256 131
WRITE 754688 256 132
WRITE 754944 256 133
READ 541696 256 0
WRITE 541696 256 68
WRITE 541952 256 69
READ 909056 256 0
WRITE 909056 256 223
WRITE 909312 256 224
READ 156672 256 0
WRITE 156672 256 100
WRITE 156928 256 101
WRITE 157184 256 102
WRITE 157440 256 103
WRITE 157696 256 104
READ 566016 256 0
WRITE 566016 256 163
WRITE 566272 256 164
READ 436992 256 0
WRITE 436992 256 171
READ 760576 256 0
WRITE 760576 256 155
READ 325632 256 0
WRITE 325632 256 248
READ 482048 256 0
WRITE 482048 256 91
WRITE 482304 256 92
READ 97024 256 0
WRITE 97024 256 123
WRITE 97280 256 124
WRITE 97536 256 125
WRITE 97792 256 126
READ 41728 256 0
WRITE 41728 256 163
READ 299776 256 0
WRITE 299776 256 147
READ 253952 256 0
WRITE 253952 256 224
WRITE 254208 256 225
READ 893184 256 0
WRITE 893184 256 161
WRITE 893440 256 162
WRITE 893696 256 163
WRITE 893952 256 164
WRITE 894208 256 165
WRITE 894464 256 166
READ 529152 256 0
WRITE 529152 256 19
WRITE 529408 256 20
READ 519424 256 0
WRITE 519424 256 237
WRITE 519680 256 238
READ 485376 256 0
WRITE 485376 256 104
WRITE 485632 256 105
READ 929536 256 0
WRITE 929536 256 47
READ 199424 256 0
WRITE 199424 256 11
WRITE 199680 256 12
WRITE 199936 256 13
WRITE 200192 256 14
READ 94976 256 0
WRITE 94976 256 115
WRITE 95232 256 116
READ 923904 256 0
WRITE 923904 256 25
READ 1047552 256 0
WRITE 1047552 256 252
READ 773632 256 0
WRITE 773632 256 206
WRITE 773888 256 207
WRITE 774144 256 208
READ 100864 256 0
WRITE 100864 256 138
READ 653824 256 0
WRITE 653824 256 250
READ 711936 256 0
WRITE 711936 256 221
READ 675328 256 0
WRITE 675328 256 78
READ 12288 256 0
WRITE 12288 256 48
WRITE 12544 256 49
READ 487168 256 0
WRITE 487168 256 111
WRITE 487424 256 112
READ 804352 256 0
WRITE 804352 256 70
READ 410112 256 0
WRITE 410112 256 66
WRITE 410368 256 67
READ 163840 256 0
WRITE 163840 256 128
WRITE 164096 256 129
READ 969216 256 0
WRITE 969216 256 202
READ 885760 256 0
WRITE 885760 256 132
READ 392704 256 0
WRITE 392704 256 254
READ 768000 256 0
WRITE 768000 256 184
WRITE 768256 256 185
READ 482816 256 0
WRITE 482816 256 94
WRITE 483072 256 95
READ 300800 256 0
WRITE 300800 256 151
WRITE 301056 256 152
READ 476928 256 0
WRITE 476928 256 71
READ 609280 256 0
WRITE 609280 256 76
READ 620032 256 0
WRITE 620032 256 118
WRITE 620288 256 119
WRITE 620544 256 120
READ 390144 256 0
WRITE 390144 256 244
WRITE 390400 256 245
READ 635136 256 0
WRITE 635136 256 177
WRITE 635392 256 178
WRITE 635648 256 179
READ 900608 256 0
WRITE 900608 256 190
READ 713728 256 0
WRITE 713728 256 228
READ 1004288 256 0
WRITE 1004288 256 83
WRITE 1004544 256 84
WRITE 1004800 256 85
WRITE 1005056 256 86
READ 268800 256 0
WRITE 268800 256 26
WRITE 269056 256 27
READ 815104 256 0
WRITE 815104 256 112
WRITE 815360 256 113
READ 532992 256 0
WRITE 532992 256 34
WRITE 533248 256 35
WRITE 533504 256 36
WRITE 533760 256 37
WRITE 534016 256 38
READ 357632 256 0
WRITE 357632 256 117
WRITE 357888 256 118
READ 376064 256 0
WRITE 376064 256 189
READ 199936 256 0
WRITE 199936 256 13
WRITE 200192 256 14
WRITE 200448 256 15
WRITE 200704 256 16
READ 94464 256 0
WRITE 94464 256 113
READ 852480 256 0
WRITE 852480 256 2
WRITE 852736 256 3
READ 187392 256 0
WRITE 187392 256 220
WRITE 187648 256 221
READ 683776 256 0
WRITE 683776 256 111
WRITE 684032 256 112
WRITE 684288 256 113
READ 81408 256 0
WRITE 81408 256 62
READ 455424 256 0
WRITE 455424 256 243
WRITE 455680 256 244
WRITE 455936 256 245
READ 588288 256 0
WRITE 588288 256 250
WRITE 588544 256 251
READ 769536 256 0
WRITE 769536 256 190
READ 1012992 256 0
WRITE 1012992 256 117
READ 867584 256 0
WRITE 867584 256 61
READ 794624 256 0
WRITE 794624 256 32
WRITE 794880 256 33
READ 37120 256 0
WRITE 37120 256 145
WRITE 37376 256 146
WRITE 37632 256 147
WRITE 37888 256 148
WRITE 38144 256 149
WRITE 38400 256 150
WRITE 38656 256 151
READ 496128 256 0
WRITE 496128 256 146
READ 60416 256 0
WRITE 60416 256 236
WRITE 60672 256 237
WRITE 60928 256 238
READ 595456 256 0
WRITE 595456 256 22
READ 35840 256 0
WRITE 35840 256 140
READ 804608 256 0
WRITE 804608 256 71
WRITE 804864 256 72
READ 59392 256 0
WRITE 59392 256 232
WRITE 59648 256 233
READ 469504 256 0
WRITE 469504 256 42
WRITE 469760 256 43
READ 752128 256 0
WRITE 752128 256 122
READ 871424 256 0
WRITE 871424 256 76
WRITE 871680 256 77
WRITE 871936 256 78
WRITE 872192 256 79
WRITE 872448 256 80
WRITE 872704 256 81
WRITE 872960 256 82
READ 551424 256 0
WRITE 551424 256 106
READ 2560 256 0
WRITE 2560 256 10
WRITE 2816 256 11
READ 122368 256 0
WRITE 122368 256 222
READ 971520 256 0
WRITE 971520 256 211
WRITE 971776 256 212
WRITE 972032 256 213
WRITE 972288 256 214
READ 549376 256 0
WRITE 549376 256 98
READ 122368 256 0
WRITE 122368 256 222
WRITE 122624 256 223
WRITE 122880 256 224
READ 1013248 256 0
WRITE 1013248 256 118
WRITE 1013504 256 119
WRITE 1013760 256 120
WRITE 1014016 256 121
READ 795648 256 0
WRITE 795648 256 36
READ 672256 256 0
WRITE 672256 256 66
READ 144384 256 0
WRITE 144384 256 52
WRITE 144640 256 53
READ 948736 256 0
WRITE 948736 256 122
WRITE 948992 256 123
READ 480000 256 0
WRITE 480000 256 83
WRITE 480256 256 84
WRITE 480512 256 85
WRITE 480768 256 86
WRITE 481024 256 87
WRITE 481280 256 88
WRITE 481536 256 89
WRITE 481792 256 90
READ 42496 256 0
WRITE 42496 256 166
READ 17664 256 0
WRITE 17664 256 69
WRITE 17920 256 70
WRITE 18176 256 71
READ 530944 256 0
WRITE 530944 256 26
WRITE 531200 256 27
WRITE 531456 256 28
WRITE 531712 256 29
READ 239872 256 0
WRITE 239872 256 169
WRITE 240128 256 170
READ 541696 256 0
WRITE 541696 256 68
READ 230144 256 0
WRITE 230144 256 131
READ 91648 256 0
WRITE 91648 256 102
READ 363520 256 0
WRITE 363520 256 140
READ 637952 256 0
WRITE 637952 256 188
WRITE 638208 256 189
READ 888832 256 0
WRITE 888832 256 144
WRITE 889088 256 145
READ 828672 256 0
WRITE 828672 256 165
WRITE 828928 256 166
READ 308224 256 0
WRITE 308224 256 180
WRITE 308480 256 181
READ 217856 256 0
WRITE 217856 256 83
WRITE 218112 256 84
WRITE 218368 256 85
WRITE 218624 256 86
WRITE 218880 256 87
WRITE 219136 256 88
READ 156160 256 0
WRITE 156160 256 98
WRITE 156416 256 99
READ 533760 256 0
WRITE 533760 256 37
READ 636928 256 0
WRITE 636928 256 184
WRITE 637184 256 185
WRITE 637440 256 186
READ 484096 256 0
WRITE 484096 256 99
READ 1036800 256 0
WRITE 1036800 256 210
READ 843264 256 0
WRITE 843264 256 222
WRITE 843520 256 223
WRITE 843776 256 224
READ 424704 256 0
WRITE 424704 256 123
WRITE 424960 256 124
READ 75008 256 0
WRITE 75008 256 37
READ 419840 256 0
WRITE 419840 256 104
WRITE 420096 256 105
READ 281600 256 0
WRITE 281600 256 76
WRITE 281856 256 77
READ 72448 256 0
WRITE 72448 256 27
WRITE 72704 256 28
WRITE 72960 256 29
READ 646656 256 0
WRITE 646656 256 222
WRITE 646912 256 223
WRITE 647168 256 224
WRITE 647424 256 225
READ 913920 256 0
WRITE 913920 256 242
WRITE 914176 256 243
WRITE 914432 256 244
READ 6912 256 0
WRITE 6912 256 27
READ 444672 256 0
WRITE 444672 256 201
READ 1029376 256 0
WRITE 1029376 256 181
READ 589056 256 0
WRITE 589056 256 253
WRITE 589312 256 254
WRITE 589568 256 255
WRITE 589824 256 0
READ 203264 256 0
WRITE 203264 256 26
READ 494848 256 0
WRITE 494848 256 141
WRITE 495104 256 142
WRITE 495360 256 143
READ 224512 256 0
WRITE 224512 256 109
READ 113408 256 0
WRITE 113408 256 187
READ 211200 256 0
WRITE 211200 256 57
READ 217344 256 0
WRITE 217344 256 81
WRITE 217600 256 82
READ 933376 256 0
WRITE 933376 256 62
READ 132608 256 0
WRITE 132608 256 6
WRITE 132864 256 7
READ 245504 256 0
WRITE 245504 256 191
READ 21248 256 0
WRITE 21248 256 83
WRITE 21504 256 84
READ 627712 256 0
WRITE 627712 256 148
WRITE 627968 256 149
READ 560896 256 0
WRITE 560896 256 143
READ 982784 256 0
WRITE 982784 256 255
WRITE 983040 256 0
READ 732160 256 0
WRITE 732160 256 44
READ 678656 256 0
WRITE 678656 256 91
WRITE 678912 256 92
READ 369664 256 0
WRITE 369664 256 164
WRITE 369920 256 165
WRITE 370176 256 166
WRITE 370432 256 167
READ 226816 256 0
WRITE 226816 256 118
WRITE 227072 256 119
READ 3584 256 0
WRITE 3584 256 14
WRITE 3840 256 15
WRITE 4096 256 16
WRITE 4352 256 17
WRITE 4608 256 18
READ 226304 256 0
WRITE 226304 256 116
WRITE 226560 256 117
READ 345344 256 0
WRITE 345344 256 69
READ 199936 256 0
WRITE 199936 256 13
WRITE 200192 256 14
READ 660736 256 0
WRITE 660736 256 21
READ 438016 256 0
WRITE 438016 256 175
WRITE 438272 256 176
READ 905984 256 0
WRITE 905984 256 211
READ 428800 256 0
WRITE 428800 256 139
READ 787456 256 0
WRITE 787456 256 4
WRITE 787712 256 5
READ 515072 256 0
WRITE 515072 256 220
READ 822272 256 0
WRITE 822272 256 140
READ 280576 256 0
WRITE 280576 256 72
WRITE 280832 256 73
READ 758528 256 0
WRITE 758528 256 147
READ 73984 256 0
WRITE 73984 256 33
READ 599552 256 0
WRITE 599552 256 38
WRITE 599808 256 39
WRITE 600064 256 40
WRITE 600320 256 41
READ 748288 256 0
WRITE 748288 256 107
WRITE 748544 256 108
WRITE 748800 256 109
WRITE 749056 256 110
WRITE 749312 256 111
WRITE 749568 256 112
READ 685056 256 0
WRITE 685056 256 116
WRITE 685312 256 117
READ 663552 256 0
WRITE 663552 256 32
READ 215296 256 0
WRITE 215296 256 73
WRITE 215552 256 74
READ 84224 256 0
WRITE 84224 256 73
WRITE 84480 256 74
WRITE 84736 256 75
WRITE 84992 256 76
READ 368896 256 0
WRITE 368896 256 161
READ 988416 256 0
WRITE 988416 256 21
READ 833536 256 0
WRITE 833536 256 184
READ 405504 256 0
WRITE 405504 256 48
WRITE 405760 256 49
READ 5120 256 0
WRITE 5120 256 20
READ 834048 256 0
WRITE 834048 256 186
WRITE 834304 256 187
WRITE 834560 256 188
READ 136704 256 0
WRITE 136704 256 22
WRITE 136960 256 23
WRITE 137216 256 24
WRITE 137472 256 25
READ 144384 256 0
WRITE 144384 256 52
READ 607232 256 0
WRITE 607232 256 68
WRITE 607488 256 69
READ 562688 256 0
WRITE 562688 256 150
READ 311808 256 0
WRITE 311808 256 194
WRITE 312064 256 195
READ 540160 256 0
WRITE 540160 256 62
READ 982528 256 0
WRITE 982528 256 254
WRITE 982784 256 255
READ 52736 256 0
WRITE 52736 256 206
READ 304896 256 0
WRITE 304896 256 167
WRITE 305152 256 168
READ 264448 256 0
WRITE 264448 256 9
READ 62208 256 0
WRITE 62208 256 243
READ 1025024 256 0
WRITE 1025024 256 164
WRITE 1025280 256 165
WRITE 1025536 256 166
WRITE 1025792 256 167
READ 401408 256 0
WRITE 401408 256 32
WRITE 401664 256 33
READ 431616 256 0
WRITE 431616 256 150
WRITE 431872 256 151
READ 890112 256 0
WRITE 890112 256 149
READ 520448 256 0
WRITE 520448 256 241
READ 204032 256 0
WRITE 204032 256 29
WRITE 204288 256 30
READ 679424 256 0
WRITE 679424 256 94
WRITE 679680 256 95
WRITE 679936 256 96
WRITE 680192 256 97
WRITE 680448 256 98
READ 844288 256 0
WRITE 844288 256 226
WRITE 844544 256 227
READ 698112 256 0
WRITE 698112 256 167
WRITE 698368 256 168
READ 831488 256 0
WRITE 831488 256 176
WRITE 831744 256 177
READ 1027072 256 0
WRITE 1027072 256 172
WRITE 1027328 256 173
READ 325120 256 0
WRITE 325120 256 246
WRITE 325376 256 247
WRITE 325632 256 248
READ 953344 256 0
WRITE 953344 256 140
READ 953344 256 0
WRITE 953344 256 140
READ 387840 256 0
WRITE 387840 256 235
WRITE 388096 256 236
READ 26112 256 0
WRITE 26112 256 102
WRITE 26368 256 103
WRITE 26624 256 104
READ 284928 256 0
WRITE 284928 256 89
WRITE 285184 256 90
READ 345600 256 0
WRITE 345600 256 70
WRITE 345856 256 71
READ 987648 256 0
WRITE 987648 256 18
WRITE 987904 256 19
WRITE 988160 256 20
WRITE 988416 256 21
WRITE 988672 256 22
WRITE 988928 256 23
WRITE 989184 256 24
READ 899584 256 0
WRITE 899584 256 186
WRITE 899840 256 187
WRITE 900096 256 188
WRITE 900352 256 189
READ 130048 256 0
WRITE 130048 256 252
WRITE 130304 256 253
READ 101120 256 0
WRITE 101120 256 139
WRITE 101376 256 140
WRITE 101632 256 141
WRITE 101888 256 142
WRITE 102144 256 143
READ 220416 256 0
WRITE 220416 256 93
WRITE 220672 256 94
WRITE 220928 256 95
READ 528128 256 0
WRITE 528128 256 15
WRITE 528384 256 16
WRITE 528640 256 17
WRITE 528896 256 18
READ 549376 256 0
WRITE 549376 256 98
WRITE 549632 256 99
READ 102144 256 0
WRITE 102144 256 143
READ 101888 256 0
WRITE 101888 256 142
READ 606464 256 0
WRITE 606464 256 65
WRITE 606720 256 66
WRITE 606976 256 67
WRITE 607232 256 68
WRITE 607488 256 69
READ 502016 256 0
WRITE 502016 256 169
WRITE 502272 256 170
READ 113664 256 0
WRITE 113664 256 188
READ 582656 256 0
WRITE 582656 256 228
READ 895488 256 0
WRITE 895488 256 170
READ 655360 256 0
WRITE 655360 256 0
READ 396800 256 0
WRITE 396800 256 14
READ 703232 256 0
WRITE 703232 256 187
READ 582144 256 0
WRITE 582144 256 226
READ 881152 256 0
WRITE 881152 256 114
WRITE 881408 256 115
READ 467200 256 0
WRITE 467200 256 33
READ 1006848 256 0
WRITE 1006848 256 93
WRITE 1007104 256 94
READ 779520 256 0
WRITE 779520 256 229
WRITE 779776 256 230
WRITE 780032 256 231
READ 14848 256 0
WRITE 14848 256 58
WRITE 15104 256 59
READ 472064 256 0
WRITE 472064 256 52
WRITE 472320 256 53
READ 562944 256 0
WRITE 562944 256 151
WRITE 563200 256 152
WRITE 563456 256 153
WRITE 563712 256 154
READ 297728 256 0
WRITE 297728 256 139
READ 361472 256 0
WRITE 361472 256 132
WRITE 361728 256 133
READ 48640 256 0
WRITE 48640 256 190
WRITE 48896 256 191
WRITE 49152 256 192
READ 712448 256 0
WRITE 712448 256 223
WRITE 712704 256 224
READ 388352 256 0
WRITE 388352 256 237
READ 996864 256 0
WRITE 996864 256 54
READ 785152 256 0
WRITE 785152 256 251
WRITE 785408 256 252
READ 182272 256 0
WRITE 182272 256 200
WRITE 182528 256 201
WRITE 182784 256 202
WRITE 183040 256 203
WRITE 183296 256 204
WRITE 183552 256 205
READ 758016 256 0
WRITE 758016 256 145
WRITE 758272 256 146
WRITE 758528 256 147
READ 85248 256 0
WRITE 85248 256 77
READ 392960 256 0
WRITE 392960 256 255
WRITE 393216 256 0
WRITE 393472 256 1
READ 852480 256 0
WRITE 852480 256 2
READ 582912 256 0
WRITE 582912 256 229
READ 109568 256 0
WRITE 109568 256 172
WRITE 109824 256 173
READ 909312 256 0
WRITE 909312 256 224
READ 368384 256 0
WRITE 368384 256 159
WRITE 368640 256 160
READ 1024 256 0
WRITE 1024 256 4
WRITE 1280 256 5
WRITE 1536 256 6
WRITE 1792 256 7
WRITE 2048 256 8
READ 165632 256 0
WRITE 165632 256 135
WRITE 165888 256 136
READ 695296 256 0
WRITE 695296 256 156
READ 610048 256 0
WRITE 610048 256 79
WRITE 610304 256 80
READ 640256 256 0
WRITE 640256 256 197
WRITE 640512 256 198
READ 249088 256 0
WRITE 249088 256 205
READ 270848 256 0
WRITE 270848 256 34
WRITE 271104 256 35
WRITE 271360 256 36
WRITE 271616 256 37
READ 962816 256 0
WRITE 962816 256 177
READ 480768 256 0
WRITE 480768 256 86
READ 365824 256 0
WRITE 365824 256 149
READ 649984 256 0
WRITE 649984 256 235
WRITE 650240 256 236
WRITE 650496 256 237
WRITE 650752 256 238
WRITE 651008 256 239
WRITE 651264 256 240
READ 849408 256 0
WRITE 849408 256 246
WRITE 849664 256 247
READ 352000 256 0
WRITE 352000 256 95
READ 844288 256 0
WRITE 844288 256 226
READ 62208 256 0
WRITE 62208 256 243
READ 662016 256 0
WRITE 662016 256 26
WRITE 662272 256 27
WRITE 662528 256 28
READ 919040 256 0
WRITE 919040 256 6
WRITE 919296 256 7
READ 872960 256 0
WRITE 872960 256 82
WRITE 873216 256 83
READ 858624 256 0
WRITE 858624 256 26
WRITE 858880 256 27
READ 760832 256 0
WRITE 760832 256 156
READ 494592 256 0
WRITE 494592 256 140
READ 911872 256 0
WRITE 911872 256 234
WRITE 912128 256 235
WRITE 912384 256 236
WRITE 912640 256 237
WRITE 912896 256 238
WRITE 913152 256 239
WRITE 913408 256 240
READ 456448 256 0
WRITE 456448 256 247
READ 698112 256 0
WRITE 698112 256 167
READ 392960 256 0
WRITE 392960 256 255
WRITE 393216 256 0
READ 73984 256 0
WRITE 73984 256 33
READ 411648 256 0
WRITE 411648 256 72
WRITE 411904 256 73
READ 13056 256 0
WRITE 13056 256 51
READ 232448 256 0
WRITE 232448 256 140
READ 375808 256 0
WRITE 375808 256 188
READ 136960 256 0
WRITE 136960 256 23
WRITE 137216 256 24
WRITE 137472 256 25
WRITE 137728 256 26
READ 650752 256 0
WRITE 650752 256 238
READ 665600 256 0
WRITE 665600 256 40
READ 638464 256 0
WRITE 638464 256 190
WRITE 638720 256 191
READ 15360 256 0
WRITE 15360 256 60
WRITE 15616 256 61
READ 258048 256 0
WRITE 258048 256 240
READ 531968 256 0
WRITE 531968 256 30
WRITE 532224 256 31
WRITE 532480 256 32
READ 285440 256 0
WRITE 285440 256 91
READ 307200 256 0
WRITE 307200 256 176
READ 164608 256 0
WRITE 164608 256 131
WRITE 164864 256 132
READ 26368 256 0
WRITE 26368 256 103
READ 316672 256 0
WRITE 316672 256 213
READ 788224 256 0
WRITE 788224 256 7
WRITE 788480 256 8
WRITE 788736 256 9
READ 879872 256 0
WRITE 879872 256 109
WRITE 880128 256 110
READ 974336 256 0
WRITE 974336 256 222
READ 734976 256 0
WRITE 734976 256 55
READ 113920 256 0
WRITE 113920 256 189
READ 72192 256 0
WRITE 72192 256 26
READ 523776 256 0
WRITE 523776 256 254
READ 634624 256 0
WRITE 634624 256 175
READ 353792 256 0
WRITE 353792 256 102
WRITE 354048 256 103
READ 880896 256 0
WRITE 880896 256 113
WRITE 881152 256 114
WRITE 881408 256 115
READ 407296 256 0
WRITE 407296 256 55
READ 1020416 256 0
WRITE 1020416 256 146
READ 753664 256 0
WRITE 753664 256 128
READ 930816 256 0
WRITE 930816 256 52
WRITE 931072 256 53
WRITE 931328 256 54
READ 741632 256 0
WRITE 741632 256 81
WRITE 741888 256 82
READ 770048 256 0
WRITE 770048 256 192
WRITE 770304 256 193
READ 568832 256 0
WRITE 568832 256 174
WRITE 569088 256 175
READ 310528 256 0
WRITE 310528 256 189
WRITE 310784 256 190
WRITE 311040 256 191
WRITE 311296 256 192
WRITE 311552 256 193
READ 1003520 256 0
WRITE 1003520 256 80
WRITE 1003776 256 81
READ 266496 256 0
WRITE 266496 256 17
READ 735488 256 0
WRITE 735488 256 57
READ 669184 256 0
WRITE 669184 256 54
READ 151808 256 0
WRITE 151808 256 81
WRITE 152064 256 82
WRITE 152320 256 83
READ 206848 256 0
WRITE 206848 256 40
WRITE 207104 256 41
READ 499712 256 0
WRITE 499712 256 160
READ 799232 256 0
WRITE 799232 256 50
READ 653056 256 0
WRITE 653056 256 247
READ 111104 256 0
WRITE 111104 256 178
WRITE 111360 256 179
READ 743168 256 0
WRITE 743168 256 87
WRITE 743424 256 88
READ 655872 256 0
WRITE 655872 256 2
READ 141312 256 0
WRITE 141312 256 40
READ 753408 256 0
WRITE 753408 256 127
WRITE 753664 256 128
WRITE 753920 256 129
READ 532480 256 0
WRITE 532480 256 32
WRITE 532736 256 33
READ 207872 256 0
WRITE 207872 256 44
WRITE 208128 256 45
READ 970240 256 0
WRITE 970240 256 206
READ 156928 256 0
WRITE 156928 256 101
WRITE 157184 256 102
WRITE 157440 256 103
READ 893696 256 0
WRITE 893696 256 163
READ 48640 256 0
WRITE 48640 256 190
READ 637952 256 0
WRITE 637952 256 188
WRITE 638208 256 189
WRITE 638464 256 190
WRITE 638720 256 191
READ 213504 256 0
WRITE 213504 256 66
WRITE 213760 256 67
READ 972032 256 0
WRITE 972032 256 213
READ 20480 256 0
WRITE 20480 256 80
WRITE 20736 256 81
WRITE 20992 256 82
WRITE 21248 256 83
WRITE 21504 256 84
READ 667648 256 0
WRITE 667648 256 48
WRITE 667904 256 49
WRITE 668160 256 50
WRITE 668416 256 51
READ 462080 256 0
WRITE 462080 256 13
READ 650752 256 0
WRITE 650752 256 238
WRITE 651008 256 239
READ 128512 256 0
WRITE 128512 256 246
READ 919552 256 0
WRITE 919552 256 8
WRITE 919808 256 9
WRITE 920064 256 10
WRITE 920320 256 11
READ 392960 256 0
WRITE 392960 256 255
READ 40704 256 0
WRITE 40704 256 159
READ 531200 256 0
WRITE 531200 256 27
WRITE 531456 256 28
WRITE 531712 256 29
READ 278272 256 0
WRITE 278272 256 63
READ 722944 256 0
WRITE 722944 256 8
READ 973312 256 0
WRITE 973312 256 218
READ 791552 256 0
WRITE 791552 256 20
READ 236544 256 0
WRITE 236544 256 156
WRITE 236800 256 157
WRITE 237056 256 158
WRITE 237312 256 159
WRITE 237568 256 160
WRITE 237824 256 161
READ 29440 256 0
WRITE 29440 256 115
WRITE 29696 256 116
READ 680192 256 0
WRITE 680192 256 97
WRITE 680448 256 98
WRITE 680704 256 99
READ 803840 256 0
WRITE 803840 256 68
WRITE 804096 256 69
WRITE 804352 256 70
WRITE 804608 256 71
WRITE 804864 256 72
READ 1012992 256 0
WRITE 1012992 256 117
WRITE 1013248 256 118
READ 660480 256 0
WRITE 660480 256 20
READ 86784 256 0
WRITE 86784 256 83
READ 80128 256 0
WRITE 80128 256 57
WRITE 80384 256 58
READ 102656 256 0
WRITE 102656 256 145
READ 308480 256 0
WRITE 308480 256 181
READ 271616 256 0
WRITE 271616 256 37
WRITE 271872 256 38
READ 187136 256 0
WRITE 187136 256 219
READ 466688 256 0
WRITE 466688 256 31
WRITE 466944 256 32
WRITE 467200 256 33
READ 596480 256 0
WRITE 596480 256 26
READ 427776 256 0
WRITE 427776 256 135
WRITE 428032 256 136
READ 572672 256 0
WRITE 572672 256 189
WRITE 572928 256 190
READ 574208 256 0
WRITE 574208 256 195
READ 805888 256 0
WRITE 805888 256 76
READ 261120 256 0
WRITE 261120 256 252
WRITE 261376 256 253
READ 55296 256 0
WRITE 55296 256 216
WRITE 55552 256 217
READ 850944 256 0
WRITE 850944 256 252
READ 319488 256 0
WRITE 319488 256 224
READ 679680 256 0
WRITE 679680 256 95
READ 816640 256 0
WRITE 816640 256 118
WRITE 816896 256 119
READ 312832 256 0
WRITE 312832 256 198
READ 888064 256 0
WRITE 888064 256 141
READ 240640 256 0
WRITE 240640 256 172
WRITE 240896 256 173
WRITE 241152 256 174
WRITE 241408 256 175
READ 896768 256 0
WRITE 896768 256 175
WRITE 897024 256 176
WRITE 897280 256 177
WRITE 897536 256 178
READ 802048 256 0
WRITE 802048 256 61
WRITE 802304 256 62
READ 189952 256 0
WRITE 189952 256 230
READ 11008 256 0
WRITE 11008 256 43
READ 502016 256 0
WRITE 502016 256 169
WRITE 502272 256 170
WRITE 502528 256 171
WRITE 502784 256 172
WRITE 503040 256 173
READ 604416 256 0
WRITE 604416 256 57
WRITE 604672 256 58
READ 360960 256 0
WRITE 360960 256 130
READ 387840 256 0
WRITE 387840 256 235
READ 200192 256 0
WRITE 200192 256 14
WRITE 200448 256 15
READ 380928 256 0
WRITE 380928 256 208
WRITE 381184 256 209
READ 445184 256 0
WRITE 445184 256 203
WRITE 445440 256 204
READ 308736 256 0
WRITE 308736 256 182
WRITE 308992 256 183
READ 129280 256 0
WRITE 129280 256 249
READ 422912 256 0
WRITE 422912 256 116
READ 679168 256 0
WRITE 679168 256 93
READ 929024 256 0
WRITE 929024 256 45
WRITE 929280 256 46
READ 233472 256 0
WRITE 233472 256 144
WRITE 233728 256 145
READ 245504 256 0
WRITE 245504 256 191
READ 580864 256 0
WRITE 580864 256 221
READ 773120 256 0
WRITE 773120 256 204
WRITE 773376 256 205
READ 43520 256 0
WRITE 43520 256 170
READ 998144 256 0
WRITE 998144 256 59
READ 275456 256 0
WRITE 275456 256 52
READ 918272 256 0
WRITE 918272 256 3
READ 1010944 256 0
WRITE 1010944 256 109
WRITE 1011200 256 110
WRITE 1011456 256 111
READ 956416 256 0
WRITE 956416 256 152
READ 372736 256 0
WRITE 372736 256 176
READ 811008 256 0
WRITE 811008 256 96
WRITE 811264 256 97
WRITE 811520 256 98
WRITE 811776 256 99
READ 618496 256 0
WRITE 618496 256 112
WRITE 618752 256 113
WRITE 619008 256 114
READ 1032960 256 0
WRITE 1032960 256 195
READ 92416 256 0
WRITE 92416 256 105
READ 668416 256 0
WRITE 668416 256 51
READ 50432 256 0
WRITE 50432 256 197
WRITE 50688 256 198
WRITE 50944 256 199
WRITE 51200 256 200
WRITE 51456 256 201
WRITE 51712 256 202
READ 86016 256 0
WRITE 86016 256 80
WRITE 86272 256 81
READ 525824 256 0
WRITE 525824 256 6
READ 124928 256 0
WRITE 124928 256 232
WRITE 125184 256 233
READ 203008 256 0
WRITE 203008 256 25
READ 474624 256 0
WRITE 474624 256 62
WRITE 474880 256 63
WRITE 475136 256 64
READ 956928 256 0
WRITE 956928 256 154
READ 52736 256 0
WRITE 52736 256 206
WRITE 52992 256 207
WRITE 53248 256 208
READ 434176 256 0
WRITE 434176 256 160
WRITE 434432 256 161
WRITE 434688 256 162
WRITE 434944 256 163
WRITE 435200 256 164
READ 190464 256 0
WRITE 190464 256 232
WRITE 190720 256 233
WRITE 190976 256 234
READ 658944 256 0
WRITE 658944 256 14
READ 70144 256 0
WRITE 70144 256 18
READ 324352 256 0
WRITE 324352 256 243
READ 937472 256 0
WRITE 937472 256 78
READ 1022464 256 0
WRITE 1022464 256 154
WRITE 1022720 256 155
WRITE 1022976 256 156
WRITE 1023232 256 157
WRITE 1023488 256 158
WRITE 1023744 256 159
WRITE 1024000 256 160
WRITE 1024256 256 161
WRITE 1024512 256 162
WRITE 1024768 256 163
WRITE 1025024 256 164
READ 369152 256 0
WRITE 369152 256 162
READ 155136 256 0
WRITE 155136 256 94
READ 456960 256 0
WRITE 456960 256 249
READ 236288 256 0
WRITE 236288 256 155
WRITE 236544 256 156
WRITE 236800 256 157
READ 462080 256 0
WRITE 462080 256 13
READ 769792 256 0
WRITE 769792 256 191
READ 482304 256 0
WRITE 482304 256 92
WRITE 482560 256 93
WRITE 482816 256 94
READ 499200 256 0
WRITE 499200 256 158
READ 774656 256 0
WRITE 774656 256 210
WRITE 774912 256 211
READ 459264 256 0
WRITE 459264 256 2
WRITE 459520 256 3
WRITE 459776 256 4
READ 174848 256 0
WRITE 174848 256 171
READ 826112 256 0
WRITE 826112 256 155
READ 743936 256 0
WRITE 743936 256 90
WRITE 744192 256 91
WRITE 744448 256 92
WRITE 744704 256 93
READ 564992 256 0
WRITE 564992 256 159
READ 109312 256 0
WRITE 109312 256 171
WRITE 109568 256 172
WRITE 109824 256 173
WRITE 110080 256 174
WRITE 110336 256 175
WRITE 110592 256 176
WRITE 110848 256 177
READ 494592 256 0
WRITE 494592 256 140
WRITE 494848 256 141
READ 200448 256 0
WRITE 200448 256 15
WRITE 200704 256 16
WRITE 200960 256 17
WRITE 201216 256 18
WRITE 201472 256 19
READ 418560 256 0
WRITE 418560 256 99
READ 966912 256 0
WRITE 966912 256 193
WRITE 967168 256 194
WRITE 967424 256 195
READ 101376 256 0
WRITE 101376 256 140
WRITE 101632 256 141
READ 942848 256 0
WRITE 942848 256 99
WRITE 943104 256 100
WRITE 943360 256 101
WRITE 943616 256 102
READ 578304 256 0
WRITE 578304 256 211
READ 619264 256 0
WRITE 619264 256 115
READ 256 256 0
WRITE 256 256 1
WRITE 512 256 2
READ 229632 256 0
WRITE 229632 256 129
READ 961536 256 0
WRITE 961536 256 172
READ 671488 256 0
WRITE 671488 256 63
WRITE 671744 256 64
WRITE 672000 256 65
WRITE 672256 256 66
WRITE 672512 256 67
READ 210944 256 0
WRITE 210944 256 56
WRITE 211200 256 57
READ 587520 256 0
WRITE 587520 256 247
READ 906496 256 0
WRITE 906496 256 213
WRITE 906752 256 214
READ 847104 256 0
WRITE 847104 256 237
WRITE 847360 256 238
WRITE 847616 256 239
READ 583168 256 0
WRITE 583168 256 230
WRITE 583424 256 231
READ 207872 256 0
WRITE 207872 256 44
WRITE 208128 256 45
WRITE 208384 256 46
WRITE 208640 256 47
READ 596736 256 0
WRITE 596736 256 27
READ 244224 256 0
WRITE 244224 256 186
READ 556288 256 0
WRITE 556288 256 125
READ 586752 256 0
WRITE 586752 256 244
READ 486912 256 0
WRITE 486912 256 110
READ 555776 256 0
WRITE 555776 256 123
WRITE 556032 256 124
WRITE 556288 256 125
READ 494336 256 0
WRITE 494336 256 139
WRITE 494592 256 140
WRITE 494848 256 141
WRITE 495104 256 142
WRITE 495360 256 143
WRITE 495616 256 144
READ 331776 256 0
WRITE 331776 256 16
WRITE 332032 256 17
WRITE 332288 256 18
READ 539136 256 0
WRITE 539136 256 58
READ 241408 256 0
WRITE 241408 256 175
READ 248320 256 0
WRITE 248320 256 202
WRITE 248576 256 203
WRITE 248832 256 204
WRITE 249088 256 205
READ 249088 256 0
WRITE 249088 256 205
WRITE 249344 256 206
WRITE 249600 256 207
WRITE 249856 256 208
WRITE 250112 256 209
READ 311296 256 0
WRITE 311296 256 192
WRITE 311552 256 193
READ 820480 256 0
WRITE 820480 256 133
READ 457984 256 0
WRITE 457984 256 253
READ 830720 256 0
WRITE 830720 256 173
READ 144128 256 0
WRITE 144128 256 51
READ 386816 256 0
WRITE 386816 256 231
READ 499456 256 0
WRITE 499456 256 159
READ 879872 256 0
WRITE 879872 256 109
WRITE 880128 256 110
WRITE 880384 256 111
WRITE 880640 256 112
READ 780800 256 0
WRITE 780800 256 234
READ 454912 256 0
WRITE 454912 256 241
WRITE 455168 256 242
READ 851968 256 0
WRITE 851968 256 0
WRITE 852224 256 1
READ 726016 256 0
WRITE 726016 256 20
READ 581120 256 0
WRITE 581120 256 222
WRITE 581376 256 223
READ 851712 256 0
WRITE 851712 256 255
READ 338944 256 0
WRITE 338944 256 44
WRITE 339200 256 45
WRITE 339456 256 46
READ 34304 256 0
WRITE 34304 256 134
WRITE 34560 256 135
READ 383744 256 0
WRITE 383744 256 219
READ 742400 256 0
WRITE 742400 256 84
READ 877568 256 0
WRITE 877568 256 100
WRITE 877824 256 101
WRITE 878080 256 102
READ 750848 256 0
WRITE 750848 256 117
WRITE 751104 256 118
READ 343040 256 0
WRITE 343040 256 60
READ 479232 256 0
WRITE 479232 256 80
WRITE 479488 256 81
READ 55040 256 0
WRITE 55040 256 215
READ 246016 256 0
WRITE 246016 256 193
READ 929024 256 0
WRITE 929024 256 45
WRITE 929280 256 46
WRITE 929536 256 47
WRITE 929792 256 48
WRITE 930048 256 49
WRITE 930304 256 50
WRITE 930560 256 51
WRITE 930816 256 52
READ 8960 256 0
WRITE 8960 256 35
WRITE 9216 256 36
WRITE 9472 256 37
READ 444672 256 0
WRITE 444672 256 201
WRITE 444928 256 202
READ 389888 256 0
WRITE 389888 256 243
READ 902656 256 0
WRITE 902656 256 198
READ 158464 256 0
WRITE 158464 256 107
WRITE 158720 256 108
READ 796672 256 0
WRITE 796672 256 40
READ 317184 256 0
WRITE 317184 256 215
WRITE 317440 256 216
WRITE 317696 256 217
WRITE 317952 256 218
READ 527104 256 0
WRITE 527104 256 11
READ 339200 256 0
WRITE 339200 256 45
WRITE 339456 256 46
READ 163840 256 0
WRITE 163840 256 128
READ 550656 256 0
WRITE 550656 256 103
READ 461312 256 0
WRITE 461312 256 10
READ 896768 256 0
WRITE 896768 256 175
WRITE 897024 256 176
WRITE 897280 256 177
WRITE 897536 256 178
WRITE 897792 256 179
READ 906496 256 0
WRITE 906496 256 213
READ 227072 256 0
WRITE 227072 256 119
WRITE 227328 256 120
WRITE 227584 256 121
READ 161792 256 0
WRITE 161792 256 120
READ 550144 256 0
WRITE 550144 256 101
READ 524288 256 0
WRITE 524288 256 0
READ 27392 256 0
WRITE 27392 256 107
READ 793856 256 0
WRITE 793856 256 29
WRITE 794112 256 30
READ 352768 256 0
WRITE 352768 256 98
WRITE 353024 256 99
READ 865024 256 0
WRITE 865024 256 51
WRITE 865280 256 52
WRITE 865536 256 53
READ 737280 256 0
WRITE 737280 256 64
READ 860928 256 0
WRITE 860928 256 35
WRITE 861184 256 36
READ 45824 256 0
WRITE 45824 256 179
READ 854272 256 0
WRITE 854272 256 9
READ 575488 256 0
WRITE 575488 256 200
WRITE 575744 256 201
WRITE 576000 256 202
READ 757248 256 0
WRITE 757248 256 142
READ 210432 256 0
WRITE 210432 256 54
READ 394496 256 0
WRITE 394496 256 5
WRITE 394752 256 6
WRITE 395008 256 7
WRITE 395264 256 8
WRITE 395520 256 9
READ 979456 256 0
WRITE 979456 256 242
WRITE 979712 256 243
WRITE 979968 256 244
READ 95744 256 0
WRITE 95744 256 118
WRITE 96000 256 119
READ 12544 256 0
WRITE 12544 256 49
READ 48128 256 0
WRITE 48128 256 188
READ 321280 256 0
WRITE 321280 256 231
WRITE 321536 256 232
WRITE 321792 256 233
WRITE 322048 256 234
READ 398080 256 0
WRITE 398080 256 19
READ 961792 256 0
WRITE 961792 256 173
READ 305152 256 0
WRITE 305152 256 168
WRITE 305408 256 169
READ 848640 256 0
WRITE 848640 256 243
WRITE 848896 256 244
WRITE 849152 256 245
READ 775936 256 0
WRITE 775936 256 215
WRITE 776192 256 216
READ 782592 256 0
WRITE 782592 256 241
READ 251648 256 0
WRITE 251648 256 215
WRITE 251904 256 216
READ 636672 256 0
WRITE 636672 256 183
WRITE 636928 256 184
READ 11776 256 0
WRITE 11776 256 46
READ 787968 256 0
WRITE 787968 256 6
WRITE 788224 256 7
READ 482304 256 0
WRITE 482304 256 92
WRITE 482560 256 93
READ 848896 256 0
WRITE 848896 256 244
READ 269568 256 0
WRITE 269568 256 29
READ 7936 256 0
WRITE 7936 256 31
READ 700416 256 0
WRITE 700416 256 176
WRITE 700672 256 177
READ 938752 256 0
WRITE 938752 256 83
WRITE 939008 256 84
WRITE 939264 256 85
WRITE 939520 256 86
READ 411136 256 0
WRITE 411136 256 70
READ 756736 256 0
WRITE 756736 256 140
WRITE 756992 256 141
WRITE 757248 256 142
READ 285696 256 0
WRITE 285696 256 92
WRITE 285952 256 93
WRITE 286208 256 94
READ 423680 256 0
WRITE 423680 256 119
READ 232448 256 0
WRITE 232448 256 140
WRITE 232704 256 141
WRITE 232960 256 142
WRITE 233216 256 143
WRITE 233472 256 144
WRITE 233728 256 145
WRITE 233984 256 146
READ 518656 256 0
WRITE 518656 256 234
WRITE 518912 256 235
READ 984832 256 0
WRITE 984832 256 7
WRITE 985088 256 8
READ 32000 256 0
WRITE 32000 256 125
WRITE 32256 256 126
WRITE 32512 256 127
WRITE 32768 256 128
READ 240128 256 0
WRITE 240128 256 170
READ 523008 256 0
WRITE 523008 256 251
WRITE 523264 256 252
WRITE 523520 256 253
WRITE 523776 256 254
READ 136448 256 0
WRITE 136448 256 21
READ 438016 256 0
WRITE 438016 256 175
WRITE 438272 256 176
READ 76800 256 0
WRITE 76800 256 44
READ 773632 256 0
WRITE 773632 256 206
WRITE 773888 256 207
READ 647424 256 0
WRITE 647424 256 225
READ 25088 256 0
WRITE 25088 256 98
READ 287744 256 0
WRITE 287744 256 100
WRITE 288000 256 101
WRITE 288256 256 102
WRITE 288512 256 103
WRITE 288768 256 104
READ 336128 256 0
WRITE 336128 256 33
WRITE 336384 256 34
READ 299776 256 0
WRITE 299776 256 147
WRITE 300032 256 148
READ 145920 256 0
WRITE 145920 256 58
READ 766464 256 0
WRITE 766464 256 178
READ 933120 256 0
WRITE 933120 256 61
WRITE 933376 256 62
READ 188928 256 0
WRITE 188928 256 226
READ 611584 256 0
WRITE 611584 256 85
READ 559872 256 0
WRITE 559872 256 139
READ 488192 256 0
WRITE 488192 256 115
READ 14848 256 0
WRITE 14848 256 58
READ 620800 256 0
WRITE 620800 256 121
READ 652544 256 0
WRITE 652544 256 245
WRITE 652800 256 246
WRITE 653056 256 247
WRITE 653312 256 248
READ 432640 256 0
WRITE 432640 256 154
READ 431360 256 0
WRITE 431360 256 149
READ 694272 256 0
WRITE 694272 256 152
WRITE 694528 256 153
READ 339712 256 0
WRITE 339712 256 47
READ 242432 256 0
WRITE 242432 256 179
WRITE 242688 256 180
READ 608768 256 0
WRITE 608768 256 74
WRITE 609024 256 75
WRITE 609280 256 76
WRITE 609536 256 77
WRITE 609792 256 78
READ 505088 256 0
WRITE 505088 256 181
READ 784128 256 0
WRITE 784128 256 247
READ 462848 256 0
WRITE 462848 256 16
WRITE 463104 256 17
READ 525824 256 0
WRITE 525824 256 6
READ 413184 256 0
WRITE 413184 256 78
WRITE 413440 256 79
READ 390656 256 0
WRITE 390656 256 246
WRITE 390912 256 247
WRITE 391168 256 248
WRITE 391424 256 249
READ 406272 256 0
WRITE 406272 256 51
WRITE 406528 256 52
READ 871424 256 0
WRITE 871424 256 76
WRITE 871680 256 77
WRITE 871936 256 78
READ 261120 256 0
WRITE 261120 256 252
READ 899328 256 0
WRITE 899328 256 185
READ 957952 256 0
WRITE 957952 256 158
WRITE 958208 256 159
WRITE 958464 256 160
READ 466432 256 0
WRITE 466432 256 30
READ 1006592 256 0
WRITE 1006592 256 92
READ 972800 256 0
WRITE 972800 256 216
WRITE 973056 256 217
READ 275200 256 0
WRITE 275200 256 51
WRITE 275456 256 52
WRITE 275712 256 53
READ 360448 256 0
WRITE 360448 256 128
WRITE 360704 256 129
READ 435712 256 0
WRITE 435712 256 166
WRITE 435968 256 167
READ 703232 256 0
WRITE 703232 256 187
WRITE 703488 256 188
READ 18176 256 0
WRITE 18176 256 71
READ 556544 256 0
WRITE 556544 256 126
WRITE 556800 256 127
WRITE 557056 256 128
READ 606464 256 0
WRITE 606464 256 65
WRITE 606720 256 66
READ 7936 256 0
WRITE 7936 256 31
WRITE 8192 256 32
READ 494592 256 0
WRITE 494592 256 140
READ 25344 256 0
WRITE 25344 256 99
WRITE 25600 256 100
WRITE 25856 256 101
WRITE 26112 256 102
WRITE 26368 256 103
READ 40192 256 0
WRITE 40192 256 157
WRITE 40448 256 158
WRITE 40704 256 159
WRITE 40960 256 160
WRITE 41216 256 161
WRITE 41472 256 162
WRITE 41728 256 163
READ 320768 256 0
WRITE 320768 256 229
READ 859648 256 0
WRITE 859648 256 30
WRITE 859904 256 31
READ 143616 256 0
WRITE 143616 256 49
WRITE 143872 256 50
WRITE 144128 256 51
READ 858624 256 0
WRITE 858624 256 26
READ 422144 256 0
WRITE 422144 256 113
WRITE 422400 256 114
READ 863232 256 0
WRITE 863232 256 44
READ 821760 256 0
WRITE 821760 256 138
WRITE 822016 256 139
WRITE 822272 256 140
WRITE 822528 256 141
WRITE 822784 256 142
WRITE 823040 256 143
WRITE 823296 256 144
READ 148992 256 0
WRITE 148992 256 70
WRITE 149248 256 71
READ 456192 256 0
WRITE 456192 256 246
READ 1029888 256 0
WRITE 1029888 256 183
READ 728832 256 0
WRITE 728832 256 31
WRITE 729088 256 32
WRITE 729344 256 33
WRITE 729600 256 34
READ 402688 256 0
WRITE 402688 256 37
READ 28672 256 0
WRITE 28672 256 112
READ 35072 256 0
WRITE 35072 256 137
WRITE 35328 256 138
WRITE 35584 256 139
WRITE 35840 256 140
WRITE 36096 256 141
WRITE 36352 256 142
WRITE 36608 256 143
READ 939264 256 0
WRITE 939264 256 85
READ 526848 256 0
WRITE 526848 256 10
READ 680192 256 0
WRITE 680192 256 97
WRITE 680448 256 98
WRITE 680704 256 99
READ 328448 256 0
WRITE 328448 256 3
READ 761088 256 0
WRITE 761088 256 157
READ 172032 256 0
WRITE 172032 256 160
READ 41984 256 0
WRITE 41984 256 164
WRITE 42240 256 165
READ 581376 256 0
WRITE 581376 256 223
WRITE 581632 256 224
WRITE 581888 256 225
READ 257024 256 0
WRITE 257024 256 236
READ 161280 256 0
WRITE 161280 256 118
WRITE 161536 256 119
READ 584960 256 0
WRITE 584960 256 237
WRITE 585216 256 238
READ 755968 256 0
WRITE 755968 256 137
WRITE 756224 256 138
READ 655104 256 0
WRITE 655104 256 255
WRITE 655360 256 0
WRITE 655616 256 1
READ 181248 256 0
WRITE 181248 256 196
READ 1013760 256 0
WRITE 1013760 256 120
READ 65280 256 0
WRITE 65280 256 255
WRITE 65536 256 0
WRITE 65792 256 1
READ 255488 256 0
WRITE 255488 256 230
WRITE 255744 256 231
WRITE 256000 256 232
READ 621568 256 0
WRITE 621568 256 124
READ 552960 256 0
WRITE 552960 256 112
READ 827392 256 0
WRITE 827392 256 160
READ 437248 256 0
WRITE 437248 256 172
WRITE 437504 256 173
WRITE 437760 256 174
WRITE 438016 256 175
READ 501248 256 0
WRITE 501248 256 166
WRITE 501504 256 167
READ 533504 256 0
WRITE 533504 256 36
READ 642304 256 0
WRITE 642304 256 205
WRITE 642560 256 206
READ 607744 256 0
WRITE 607744 256 70
READ 452608 256 0
WRITE 452608 256 232
WRITE 452864 256 233
WRITE 453120 256 234
WRITE 453376 256 235
WRITE 453632 256 236
READ 940288 256 0
WRITE 940288 256 89
WRITE 940544 256 90
WRITE 940800 256 91
READ 743424 256 0
WRITE 743424 256 88
READ 749056 256 0
WRITE 749056 256 110
WRITE 749312 256 111
READ 781312 256 0
WRITE 781312 256 236
WRITE 781568 256 237
READ 652288 256 0
WRITE 652288 256 244
READ 77824 256 0
WRITE 77824 256 48
WRITE 78080 256 49
WRITE 78336 256 50
READ 226304 256 0
WRITE 226304 256 116
READ 226304 256 0
WRITE 226304 256 116
WRITE 226560 256 117
WRITE 226816 256 118
WRITE 227072 256 119
READ 594688 256 0
WRITE 594688 256 19
READ 780032 256 0
WRITE 780032 256 231
READ 384000 256 0
WRITE 384000 256 220
READ 401408 256 0
WRITE 401408 256 32
WRITE 401664 256 33
WRITE 401920 256 34
READ 199424 256 0
WRITE 199424 256 11
WRITE 199680 256 12
WRITE 199936 256 13
READ 972288 256 0
WRITE 972288 256 214
WRITE 972544 256 215
READ 1014528 256 0
WRITE 1014528 256 123
READ 335616 256 0
WRITE 335616 256 31
WRITE 335872 256 32
WRITE 336128 256 33
WRITE 336384 256 34
WRITE 336640 256 35
WRITE 336896 256 36
WRITE 337152 256 37
READ 720128 256 0
WRITE 720128 256 253
WRITE 720384 256 254
WRITE 720640 256 255
READ 512768 256 0
WRITE 512768 256 211
READ 180480 256 0
WRITE 180480 256 193
READ 419072 256 0
WRITE 419072 256 101
READ 797440 256 0
WRITE 797440 256 43
WRITE 797696 256 44
WRITE 797952 256 45
READ 814592 256 0
WRITE 814592 256 110
READ 726272 256 0
WRITE 726272 256 21
WRITE 726528 256 22
WRITE 726784 256 23
READ 864256 256 0
WRITE 864256 256 48
READ 988928 256 0
WRITE 988928 256 23
READ 359168 256 0
WRITE 359168 256 123
WRITE 359424 256 124
READ 188416 256 0
WRITE 188416 256 224
WRITE 188672 256 225
WRITE 188928 256 226
WRITE 189184 256 227
WRITE 189440 256 228
WRITE 189696 256 229
WRITE 189952 256 230
READ 825600 256 0
WRITE 825600 256 153
WRITE 825856 256 154
READ 492288 256 0
WRITE 492288 256 131
WRITE 492544 256 132
WRITE 492800 256 133
WRITE 493056 256 134
WRITE 493312 256 135
READ 293376 256 0
WRITE 293376 256 122
WRITE 293632 256 123
WRITE 293888 256 124
WRITE 294144 256 125
WRITE 294400 256 126
WRITE 294656 256 127
READ 808960 256 0
WRITE 808960 256 88
READ 307456 256 0
WRITE 307456 256 177
WRITE 307712 256 178
READ 412416 256 0
WRITE 412416 256 75
READ 698880 256 0
WRITE 698880 256 170
WRITE 699136 256 171
READ 813056 256 0
WRITE 813056 256 104
WRITE 813312 256 105
READ 362496 256 0
WRITE 362496 256 136
READ 920320 256 0
WRITE 920320 256 11
READ 650752 256 0
WRITE 650752 256 238
READ 526080 256 0
WRITE 526080 256 7
READ 202496 256 0
WRITE 202496 256 23
WRITE 202752 256 24
READ 716800 256 0
WRITE 716800 256 240
READ 860416 256 0
WRITE 860416 256 33
READ 282368 256 0
WRITE 282368 256 79
READ 627456 256 0
WRITE 627456 256 147
WRITE 627712 256 148
READ 916480 256 0
WRITE 916480 256 252
READ 620288 256 0
WRITE 620288 256 119
WRITE 620544 256 120
WRITE 620800 256 121
WRITE 621056 256 122
WRITE 621312 256 123
WRITE 621568 256 124
WRITE 621824 256 125
READ 539904 256 0
WRITE 539904 256 61
WRITE 540160 256 62
WRITE 540416 256 63
READ 53760 256 0
WRITE 53760 256 210
READ 388864 256 0
WRITE 388864 256 239
READ 39424 256 0
WRITE 39424 256 154
WRITE 39680 256 155
WRITE 39936 256 156
WRITE 40192 256 157
WRITE 40448 256 158
READ 465408 256 0
WRITE 465408 256 26
WRITE 465664 256 27
READ 449792 256 0
WRITE 449792 256 221
READ 1019904 256 0
WRITE 1019904 256 144
WRITE 1020160 256 145
READ 895488 256 0
WRITE 895488 256 170
READ 584448 256 0
WRITE 584448 256 235
WRITE 584704 256 236
WRITE 584960 256 237
WRITE 585216 256 238
READ 17408 256 0
WRITE 17408 256 68
READ 446976 256 0
WRITE 446976 256 210
READ 896768 256 0
WRITE 896768 256 175
WRITE 897024 256 176
READ 953856 256 0
WRITE 953856 256 142
WRITE 954112 256 143
READ 109568 256 0
WRITE 109568 256 172
READ 68352 256 0
WRITE 68352 256 11
READ 634880 256 0
WRITE 634880 256 176
WRITE 635136 256 177
READ 754944 256 0
WRITE 754944 256 133
READ 367104 256 0
WRITE 367104 256 154
READ 960768 256 0
WRITE 960768 256 169
READ 402176 256 0
WRITE 402176 256 35
WRITE 402432 256 36
WRITE 402688 256 37
WRITE 402944 256 38
READ 275456 256 0
WRITE 275456 256 52
WRITE 275712 256 53
WRITE 275968 256 54
READ 796416 256 0
WRITE 796416 256 39
WRITE 796672 256 40
READ 47872 256 0
WRITE 47872 256 187
READ 569600 256 0
WRITE 569600 256 177
READ 189696 256 0
WRITE 189696 256 229
WRITE 189952 256 230
WRITE 190208 256 231
READ 36864 256 0
WRITE 36864 256 144
READ 68096 256 0
WRITE 68096 256 10
WRITE 68352 256 11
READ 734464 256 0
WRITE 734464 256 53
READ 284160 256 0
WRITE 284160 256 86
WRITE 284416 256 87
READ 731136 256 0
WRITE 731136 256 40
READ 115200 256 0
WRITE 115200 256 194
WRITE 115456 256 195
READ 201472 256 0
WRITE 201472 256 19
READ 960512 256 0
WRITE 960512 256 168
WRITE 960768 256 169
WRITE 961024 256 170
WRITE 961280 256 171
READ 10752 256 0
WRITE 10752 256 42
READ 492032 256 0
WRITE 492032 256 130
READ 225536 256 0
WRITE 225536 256 113
READ 201472 256 0
WRITE 201472 256 19
READ 84992 256 0
WRITE 84992 256 76
WRITE 85248 256 77
WRITE 85504 256 78
READ 446464 256 0
WRITE 446464 256 208
WRITE 446720 256 209
READ 371456 256 0
WRITE 371456 256 171
WRITE 371712 256 172
WRITE 371968 256 173
WRITE 372224 256 174
READ 460288 256 0
WRITE 460288 256 6
WRITE 460544 256 7
WRITE 460800 256 8
READ 198144 256 0
WRITE 198144 256 6
READ 110592 256 0
WRITE 110592 256 176
WRITE 110848 256 177
WRITE 111104 256 178
WRITE 111360 256 179
WRITE 111616 256 180
READ 62464 256 0
WRITE 62464 256 244
READ 78336 256 0
WRITE 78336 256 50
WRITE 78592 256 51
WRITE 78848 256 52
WRITE 79104 256 53
WRITE 79360 256 54
WRITE 79616 256 55
WRITE 79872 256 56
READ 356864 256 0
WRITE 356864 256 114
READ 826624 256 0
WRITE 826624 256 157
WRITE 826880 256 158
WRITE 827136 256 159
WRITE 827392 256 160
READ 47616 256 0
WRITE 47616 256 186
WRITE 47872 256 187
WRITE 48128 256 188
READ 296704 256 0
WRITE 296704 256 135
READ 519424 256 0
WRITE 519424 256 237
WRITE 519680 256 238
WRITE 519936 256 239
READ 693248 256 0
WRITE 693248 256 148
READ 410112 256 0
WRITE 410112 256 66
READ 988160 256 0
WRITE 988160 256 20
WRITE 988416 256 21
WRITE 988672 256 22
WRITE 988928 256 23
WRITE 989184 256 24
WRITE 989440 256 25
READ 547840 256 0
WRITE 547840 256 92
WRITE 548096 256 93
WRITE 548352 256 94
READ 200704 256 0
WRITE 200704 256 16
WRITE 200960 256 17
READ 1011456 256 0
WRITE 1011456 256 111
WRITE 1011712 256 112
WRITE 1011968 256 113
READ 843264 256 0
WRITE 843264 256 222
READ 195840 256 0
WRITE 195840 256 253
WRITE 196096 256 254
WRITE 196352 256 255
WRITE 196608 256 0
READ 654080 256 0
WRITE 654080 256 251
READ 229376 256 0
WRITE 229376 256 128
READ 59904 256 0
WRITE 59904 256 234
READ 302592 256 0
WRITE 302592 256 158
WRITE 302848 256 159
WRITE 303104 256 160
READ 982528 256 0
WRITE 982528 256 254
WRITE 982784 256 255
WRITE 983040 256 0
WRITE 983296 256 1
WRITE 983552 256 2
WRITE 983808 256 3
WRITE 984064 256 4
READ 799488 256 0
WRITE 799488 256 51
READ 110848 256 0
WRITE 110848 256 177
READ 210944 256 0
WRITE 210944 256 56
WRITE 211200 256 57
WRITE 211456 256 58
READ 701952 256 0
WRITE 701952 256 182
READ 313600 256 0
WRITE 313600 256 201
WRITE 313856 256 202
READ 343040 256 0
WRITE 343040 256 60
READ 17152 256 0
WRITE 17152 256 67
READ 1038080 256 0
WRITE 1038080 256 215
WRITE 1038336 256 216
READ 760576 256 0
WRITE 760576 256 155
READ 510720 256 0
WRITE 510720 256 203
READ 666880 256 0
WRITE 666880 256 45
READ 852224 256 0
WRITE 852224 256 1
READ 848896 256 0
WRITE 848896 256 244
WRITE 849152 256 245
WRITE 849408 256 246
READ 858880 256 0
WRITE 858880 256 27
READ 344832 256 0
WRITE 344832 256 67
READ 703744 256 0
WRITE 703744 256 189
WRITE 704000 256 190
READ 1024000 256 0
WRITE 1024000 256 160
READ 648960 256 0
WRITE 648960 256 231
READ 305408 256 0
WRITE 305408 256 169
WRITE 305664 256 170
READ 15872 256 0
WRITE 15872 256 62
WRITE 16128 256 63
READ 974848 256 0
WRITE 974848 256 224
READ 263936 256 0
WRITE 263936 256 7
WRITE 264192 256 8
WRITE 264448 256 9
READ 667136 256 0
WRITE 667136 256 46
WRITE 667392 256 47
WRITE 667648 256 48
READ 1048320 256 0
WRITE 1048320 256 255
SIGNALL
UNMOUNT
